0.017566
0.012654
0.007849
0.001673
0.011877
0.001253
0.000426
0.002517
0.000377
0.000471
0.001329
0.001006
0.001057
0.013945
0.005003
0.000517
0.002940
0.003141
0.001262
0.003678
0.003415
0.000729
0.001191
0.000769
0.000414
0.000076
0.000375
0.000745
0.000105
0.000143
0.001239
0.000011
0.000143
0.000837
0.000714
0.000052
0.000663
0.003301
0.000266
0.003659
0.005246
0.003340
0.001730
0.000060
0.000544
0.000224
0.000655
0.000165
0.000047
0.000070
0.000413
0.000016
0.000022
0.001026
0.001447
0.000197
0.000387
0.000386
0.000408
0.000131
0.000060
0.000022
0.000026
0.000034
0.000016
0.000048
0.000001
0.000033
0.000007
0.000006
0.000023
0.000043
0.000071
0.000033
0.000037
0.000009
0.000025
0.000035
0.000011
0.000058
0.000024
0.000009
0.000081
0.000001
0.000040
0.000007
0.000011
0.000016
0.000013
0.000010
0.000009
0.000001
0.000022
0.000009
0.000008
0.000004
0.000011
0.000004
0.000006
0.000004
0.000018
0.000003
0.000004
0.000005
0.000002
0.000004
0.000012
0.000006
0.000003
0.000006
0.000002
0.000006
0.000004
0.000003
0.000008
0.000004
0.000001
0.000004
0.000009
0.000002
0.000003
0.000003
0.000003
0.000004
0.000003
0.000004
0.000004
0.000004
