-0.008326
-0.000151
-0.000176
-0.000167
0.000102
0.000141
0.000330
0.000295
0.000078
-0.000207
-0.000409
-0.000684
-0.000904
-0.000543
-0.000738
-0.001084
-0.001041
-0.001006
-0.000820
-0.000675
-0.000264
0.000283
0.000511
0.000472
0.000833
0.000896
0.001239
0.001981
0.000905
0.000395
0.001023
0.000350
0.000559
0.001328
0.001460
0.001873
0.001272
0.001252
0.001998
0.001375
0.000319
-0.000017
-0.000863
-0.001512
-0.001827
-0.001696
-0.002283
-0.003448
-0.001026
-0.001529
-0.003277
-0.001195
-0.002742
-0.001252
0.001280
-0.001680
0.000184
0.001030
-0.000521
0.002374
0.002288
0.001218
0.002442
0.001201
0.001725
0.003147
0.001739
0.000733
0.000034
-0.002130
-0.001881
-0.000220
-0.001820
-0.003663
-0.004173
-0.003923
-0.000000
0.000835
-0.002264
-0.001107
-0.000683
-0.002611
-0.002267
-0.003537
-0.002841
-0.002653
-0.003477
-0.001638
-0.000855
0.003230
0.006685
0.006194
0.004321
0.002831
0.005798
0.006604
0.005890
0.006040
0.008658
0.009418
0.010762
0.013729
0.013260
0.011233
0.007971
0.009812
0.009562
0.005984
0.004658
0.005109
0.005957
0.003205
0.002618
0.006190
0.005658
0.002513
0.005002
0.005286
0.006587
0.007046
-0.000385
-0.002086
0.000256
-0.002837
-0.004571
-0.004123
-0.005497
-0.007504
-0.007396
-0.002671
-0.001199
-0.002940
-0.001443
0.000388
-0.000224
0.001730
-0.003287
-0.007043
-0.006367
-0.008179
-0.004356
-0.000323
-0.002077
-0.001981
0.001814
0.001057
-0.000395
-0.001627
0.000985
0.002906
-0.001222
-0.003733
-0.002235
-0.003521
-0.005539
-0.000895
0.000245
-0.001414
0.002133
0.002953
0.002747
0.006415
0.005959
0.005042
0.006996
0.003633
0.003349
0.009161
0.008371
0.005356
0.007802
0.009355
0.006087
0.005417
0.005389
0.004335
0.004271
0.001787
-0.000467
-0.003224
-0.002400
-0.002087
-0.004138
-0.003435
-0.003292
-0.001023
-0.002749
-0.005714
-0.004524
-0.003556
-0.001290
-0.002202
-0.001742
-0.002547
-0.004382
-0.003565
-0.003582
-0.001171
-0.001300
-0.005666
-0.005721
-0.003258
-0.003609
-0.004530
-0.004767
-0.009275
-0.010235
-0.012070
-0.010932
-0.008417
-0.010473
-0.009529
-0.008854
-0.007102
-0.003655
-0.004076
-0.004807
-0.002739
-0.002199
0.001544
0.004322
0.003821
0.008146
0.009331
0.008211
0.008446
0.008354
0.007751
0.007717
0.006982
0.009393
0.009704
0.008172
0.009176
0.006129
0.005660
0.008548
0.007376
0.004233
0.003484
0.002257
-0.000185
-0.000691
-0.004001
-0.007340
-0.005200
-0.005244
-0.006396
-0.004857
-0.003098
-0.003262
-0.001690
0.000536
-0.000444
-0.001331
-0.003855
0.000000
0.000000
-0.111271
0.123166
0.001617
0.345030
-0.182196
-0.161615
-0.024008
-0.226852
-0.019563
0.073790
-0.056874
0.013596
-0.011958
-0.043883
0.072433
-0.012738
0.098237
-0.073550
0.136194
-0.032059
-0.009562
0.012327
-0.029538
-0.011168
0.047670
-0.008328
-0.014265
-0.013613
-0.035330
0.025129
-0.025089
0.024420
-0.004441
0.009068
-0.021226
0.024094
-0.014460
-0.035129
0.022199
-0.014108
0.000032
-0.014353
-0.002641
-0.014700
0.047689
-0.031550
-0.007018
-0.041757
0.007150
-0.012444
-0.000882
-0.023137
0.014011
-0.022745
0.001471
0.031656
-0.016789
0.018491
-0.017380
-0.007901
-0.027347
0.016912
-0.006545
-0.024391
0.009584
-0.030659
0.037918
-0.040117
-0.011594
0.020678
-0.020186
0.014706
0.001612
-0.015080
-0.002538
-0.006235
0.006094
-0.023412
0.039338
-0.009873
0.019084
0.003200
-0.002156
-0.002553
0.027468
-0.025468
-0.005897
-0.018336
-0.005714
0.017479
-0.046310
0.005376
0.009675
0.034965
-0.017332
-0.006202
-0.030681
0.003565
0.014182
0.002178
-0.011585
-0.000552
0.009008
-0.008276
-0.001178
0.003820
-0.009675
-0.008863
0.004313
-0.001440
-0.001965
-0.011072
0.002695
0.004196
0.001680
-0.000790
-0.001730
-0.005575
0.000808
-0.000713
0.001263
0.000508
-0.000668
0.001603
0.000516
-0.001172
-0.001059
0.000000
0.001059
0.001172
-0.000516
-0.001603
0.000668
-0.000508
-0.001263
0.000713
-0.000808
0.005575
0.001730
0.000790
-0.001680
-0.004196
-0.002695
0.011072
0.001965
0.001440
-0.004313
0.008863
0.009675
-0.003820
0.001178
0.008276
-0.009008
0.000552
0.011585
-0.002178
-0.014182
-0.003565
0.030681
0.006202
0.017332
-0.034965
-0.009675
-0.005376
0.046310
-0.017479
0.005714
0.018336
0.005897
0.025468
-0.027468
0.002553
0.002156
-0.003200
-0.019084
0.009873
-0.039338
0.023412
-0.006094
0.006235
0.002538
0.015080
-0.001612
-0.014706
0.020186
-0.020678
0.011594
0.040117
-0.037918
0.030659
-0.009584
0.024391
0.006545
-0.016912
0.027347
0.007901
0.017380
-0.018491
0.016789
-0.031656
-0.001471
0.022745
-0.014011
0.023137
0.000882
0.012444
-0.007150
0.041757
0.007018
0.031550
-0.047689
0.014700
0.002641
0.014353
-0.000032
0.014108
-0.022199
0.035129
0.014460
-0.024094
0.021226
-0.009068
0.004441
-0.024420
0.025089
-0.025129
0.035330
0.013613
0.014265
0.008328
-0.047670
0.011168
0.029538
-0.012327
0.009562
0.032059
-0.136194
0.073550
-0.098237
0.012738
-0.072433
0.043883
0.011958
-0.013596
0.056874
-0.073790
0.019563
0.226852
0.024008
0.161615
0.182196
-0.345030
-0.001617
-0.123166
